time,x,y,z,phi,theta,psi,x_velocity,y_velocity,z_velocity,phi_velocity,theta_velocity,psi_velocity,rotor_speed1,rotor_speed2,rotor_speed3,rotor_speed4
0.06,-1.94982895819e-07,2.91178491665e-06,10.0052769115,0.000536653982475,7.98264174975e-05,0.0,-1.31392337786e-05,0.000168380167962,0.175885550462,-0.00931402981843,0.00211955861953,0.0,460.129048549871,460.29676929441695,460.85259821970334,460.11600001712327
0.12000000000000001,-2.45465205881e-05,2.2096269185e-05,10.0190266791,6.34201939675e-06,0.00615929687997,0.0,-0.00139830860328,0.000415446586259,0.282417812137,-0.0083086733594,0.0276724182308,0.0,438.4476669666803,440.5650779536247,438.47750929143893,438.56112725871736
0.18,-0.000260968460035,4.65649139877e-05,10.0405060919,6.28314626138,0.00974826306335,0.0,-0.00689343986281,0.000388329143781,0.433513715206,-0.00203764323343,0.0112121012823,0.0,454.06969528827045,452.7475293107106,452.20541203077136,452.7103003803193
0.23999999999999996,-0.000867122473535,0.000108843064828,10.0682353455,0.010444573648,0.0106595025684,0.0,-0.0134050526563,0.00272598064736,0.490766770541,-0.0389328478649,0.00452926283349,0.0,422.58853421382247,422.0120637397717,425.96229452137493,422.79585830841336
0.3,-0.00189839121004,0.000486614775422,10.1009499478,0.00950690476893,0.0118051437518,0.0,-0.0210790014108,0.00975680849987,0.599668398074,-0.0271239252872,0.0136397721861,0.0,440.17014732320257,440.92323127320816,438.98262553526604,439.96073730948046
0.36000000000000004,-0.00349560880679,0.00133807737619,10.1465897928,0.0110538929959,0.0135803581617,0.0,-0.032414688523,0.0188071296542,0.92145169193,-0.00876968483511,0.00165742182974,0.0,503.0841499341129,502.2157985857537,502.3153713520666,503.6444639112945
0.4200000000000001,-0.00573135123223,0.00270051704738,10.205097964,0.0116764660898,0.0156887609216,0.0,-0.0423113687814,0.0266840309152,1.02872588113,-0.021771846762,0.0160303368023,0.0,439.6949463293796,440.8838348138227,440.4720598639003,439.39570982820135
0.48000000000000015,-0.00866185532616,0.00458206336046,10.2734135912,0.0109331888233,0.0179791292954,0.0,-0.0556594880851,0.0359540271452,1.24824366933,-0.0312788276823,0.00214704515412,0.0,474.8585320252867,473.7923471528395,474.88458095600873,474.1547970383419
0.5400000000000001,-0.0124892348424,0.00704899347084,10.3577387046,0.0140033137429,0.0180992942011,0.0,-0.0719300447562,0.0466520484432,1.56221336981,-0.00808500669254,0.00158028100714,0.0,502.30110013715995,502.2599593523856,500.4419117075076,502.12712180652846
0.6000000000000002,-0.0171964681219,0.0101913734184,10.4553930002,0.023704197428,0.0183137342021,0.0,-0.0849944534261,0.0591629465068,1.69272557896,-0.0442673320956,0.00435458485983,0.0,448.82879308821066,449.0538281389248,450.39882386789725,447.46311958776323
0.6600000000000003,-0.0226914464755,0.0142646816267,10.5606314141,0.0277259885584,0.0192478614696,0.0,-0.0982774151224,0.0770641503083,1.81502047518,-0.0738010231902,-0.00591078913045,0.0,447.07025579358003,446.2331068915776,448.2000825174457,445.7914931651032
0.7200000000000003,-0.0290040811701,0.0194677206947,10.6732116438,0.0243581727907,0.0207120915565,0.0,-0.112279950409,0.0960232951472,1.93745933544,-0.0863448112926,0.00771172198549,0.0,446.6622230499835,447.7717534459347,447.87148194388055,446.8453422996222
0.7800000000000004,-0.0362037933537,0.0257494716765,10.7940366926,0.0191680308982,0.0211634443255,0.0,-0.127756408079,0.112794009138,2.08978720913,-0.0880993599868,0.00623268355835,0.0,457.8675624181849,457.7497729351944,456.0733361953068,455.9271437547697
0.8400000000000004,-0.0444284696003,0.0329508522599,10.92561034,0.0139608380932,0.0340497604233,0.0,-0.147861770789,0.126628514315,2.2955817103,-0.085999366137,0.0438001748959,0.0,472.1688818769171,475.0581614528813,473.2508797672743,473.4066640920266
0.9000000000000005,-0.0540950405383,0.0408324326141,11.0661118265,0.0133194947314,0.0593195166955,0.0,-0.176950103402,0.136046715615,2.38749739981,-0.110516813378,-0.00953869175139,0.0,441.34142829149715,436.917373331724,441.23513061635106,439.19878303957086
0.9600000000000005,-0.0659442703174,0.0492454991649,11.2123713682,0.00697691364679,0.0607540597789,0.0,-0.218143565798,0.143733284457,2.48760361333,-0.105713101366,0.00482616937997,0.0,442.22467665957817,443.4063910582329,442.7069471059249,443.0915190388639
1.0200000000000005,-0.0804454525285,0.0580200679964,11.3668953519,0.00454853153538,0.0652723029429,0.0,-0.265692239566,0.148500788038,2.66276915289,-0.128620282762,0.0261845471345,0.0,466.13770632658776,467.80365705979415,466.6956453965104,464.8934441530449
1.0800000000000005,-0.0978579029509,0.0670003472997,11.5314000486,6.28019497328,0.0668314332377,0.0,-0.31487268279,0.150013042959,2.820330177,-0.134600700115,0.0250690272764,0.0,461.7827583640238,461.6948555827738,462.4324340950046,461.94617228513755
1.1400000000000006,-0.118238689148,0.0759328968586,11.7049692378,6.28032022301,0.0701768339505,0.0,-0.36484391963,0.147721535516,2.96490993346,-0.104407304055,0.00895617474316,0.0,458.73811731841676,457.4568417991063,458.42231288161764,460.8016951608199
1.2000000000000006,-0.141759767349,0.0847057057414,11.8883520231,6.27474680059,0.0707327593885,0.0,-0.41922268732,0.144082141312,3.14734955992,-0.114792957093,0.00967101462869,0.0,471.2851550781679,471.3402760132449,471.188351152635,470.37523283453015
1.2600000000000007,-0.168446148586,0.09315101989,12.0808596499,6.2703223136,0.075510100314,0.0,-0.470827665098,0.136949227957,3.26917598839,-0.0987596145374,-0.0140031355678,0.0,454.95324610115466,453.0537063559659,452.9220882074905,454.1994683728387
1.3200000000000007,-0.198202236617,0.101089356505,12.2792462425,6.2644522657,0.0753793824597,0.0,-0.52100858781,0.127091965203,3.34348027558,-0.102807184271,-0.00589849551633,0.0,439.89816104555024,440.5689118543536,439.35257499961784,439.0080708277124
1.3800000000000008,-0.231264291786,0.108247607123,12.4858602144,6.25913795361,0.0781763194957,0.0,-0.581322449477,0.11092182716,3.54300467038,-0.114202759518,0.0123833853574,0.0,476.7507030128702,478.14554156068624,479.77414563187665,478.8990626737381
1.4400000000000008,-0.267973931487,0.114326955514,12.703978925,6.25498434285,0.0799895681021,0.0,-0.642511888997,0.0912857395569,3.72699097975,-0.133438735951,-0.00021262077965,0.0,476.001852779672,475.0368015448804,475.497183991778,474.0090605791476
1.5000000000000009,-0.307609472814,0.119404766932,12.9234041314,6.24763967916,0.0799746807282,0.0,-0.678715721833,0.0774783974269,3.58761104882,-0.143630828207,-0.00250079088234,0.0,368.86272239663725,368.6366837030952,370.12295035887433,369.09687656047424
1.560000000000001,-0.350306961965,0.123155296399,13.1455199422,6.24251595792,0.0804975700563,0.0,-0.7445347043,0.0469249437841,3.81546906742,-0.124319846438,0.0053652734437,0.0,487.8704121734038,488.45739458793884,487.78982220705024,489.2142678839012
1.620000000000001,-0.396753307588,0.125055550627,13.3785929472,6.23580915635,0.0821141853258,0.0,-0.803806780533,0.015728330228,3.95310126553,-0.135098188467,0.0166874189192,0.0,462.23413294233217,463.12546108787404,464.40216470833207,463.5417029876859
1.680000000000001,-0.446814116227,0.12493980039,13.619807719,6.22829407585,0.0915341970049,0.0,-0.865822658918,-0.020351047557,4.0867631165,-0.144804355985,0.0472944140526,0.0,461.9938371177551,464.40119695836756,463.75281168253895,462.97282883617936
1.740000000000001,-0.500232592579,0.122838009039,13.8630967226,6.22310010955,0.0957745427051,0.0,-0.915140566795,-0.0501038778333,4.02301885305,-0.16651774202,0.0591234084571,0.0,400.85167452889584,401.9272953990597,400.3343086694381,398.3287126383074
1.8000000000000012,-0.55714952574,0.118568969373,14.1072024635,6.21365989639,0.105405547481,0.0,-0.983002917731,-0.0931082706267,4.11331837833,-0.175937440216,0.0849687564124,0.0,450.92909062513627,453.0156766638151,450.4724384501018,449.6828040915619
1.8600000000000012,-0.618017799881,0.111736709559,14.3537703576,6.20436817374,0.113435092928,0.0,-1.04665402594,-0.135435399939,4.10545656051,-0.164761786186,0.0649743483705,0.0,421.03061894144145,419.3023156873896,420.2119784670793,421.14945189715957
1.9200000000000013,-0.68291591189,0.102150355184,14.6005502156,6.1957177678,0.11771068026,0.0,-1.11700696281,-0.184857905585,4.12032845501,-0.178197243155,0.0569405256914,0.0,428.62920292921484,427.9488064544822,428.91172176871214,427.7403620226217
1.9800000000000013,-0.752897735335,0.0888466190756,14.854767274,6.18507874532,0.121591058875,0.0,-1.21608878029,-0.259805065216,4.35246994722,-0.176609111773,0.0632975964549,0.0,495.73039872009286,496.199379815802,494.55620724397625,494.6462421773173
2.0400000000000014,-0.828513406301,0.0711485935574,15.1194973906,6.18090681388,0.127057373287,0.0,-1.30497101794,-0.330529380773,4.4712049833,-0.150018225783,0.0478967016327,0.0,464.15273385500586,462.9445908374231,463.43918425278827,465.49917538530264
2.1000000000000014,-0.909411351407,0.0492720806341,15.3899837679,6.17916527668,0.134228826147,0.0,-1.39227562441,-0.398776029197,4.54451910395,-0.180758897778,0.0694375100436,0.0,449.3424560553543,451.08754411114546,453.646902233805,451.1474160122002
2.1600000000000015,-0.995357420512,0.0235041305606,15.6624564066,6.17389419686,0.138391073275,0.0,-1.47296548996,-0.460618307844,4.53774426191,-0.156068427928,0.0692171881497,0.0,425.7676662930344,425.75269561866105,426.15491263591946,428.23059390855803
2.2200000000000015,-1.08640589785,-0.00622052300622,15.9358007066,6.16503535418,0.142695959607,0.0,-1.5623763166,-0.530994686621,4.57333909824,-0.149390747944,0.0635824193311,0.0,440.9936601408448,440.53135536253507,440.4796891748832,441.00909227116813
2.2800000000000016,-1.1825694292,-0.0400490988727,16.2089468364,6.15822275974,0.147254134354,0.0,-1.64347326234,-0.597190076184,4.5314788672,-0.134481333286,0.0719019179353,0.0,415.6176951841622,416.34993135190587,415.10859571659336,416.39402163142785
2.3400000000000016,-1.28414570339,-0.0783433332312,16.4826578185,6.15426022409,0.151755066127,0.0,-1.74281467974,-0.679630796163,4.59173365098,-0.113451490386,0.0658169261901,0.0,450.16455120443715,449.6754872769412,448.51872650995233,450.20900940028133
2.4000000000000017,-1.39181815239,-0.121698805545,16.7601959592,6.14777917937,0.157514791693,0.0,-1.84680700194,-0.766120527429,4.65894136169,-0.108282982439,0.0498271817487,0.0,453.16038132923,451.8756200493062,453.12318859902746,453.52775117791754
2.4600000000000017,-1.50575449036,-0.170259309755,17.0412064221,6.15112849491,0.160670592931,0.0,-1.95135706827,-0.852165653807,4.70773059956,-0.143878479241,0.0440029479667,0.0,448.45368834449255,447.9816611614336,449.6559690547955,446.7496413117027
2.520000000000002,-1.62586797318,-0.223824381249,17.3241069835,6.14249828483,0.165127413801,0.0,-2.05284083423,-0.934072389569,4.72189854443,-0.143759535249,0.0279893148405,0.0,438.4044969245541,437.07249156586295,438.1121026825211,438.1023522814381
2.580000000000002,-1.75215708256,-0.282444790545,17.6078686298,6.13948725062,0.167135607285,0.0,-2.15698226462,-1.0201589292,4.73654636912,-0.170944896644,0.0331845255384,0.0,438.00744569227635,438.43964444464876,440.5992595216767,438.3231595197444
2.640000000000002,-1.88451159874,-0.346082390997,17.891070923,6.13626809251,0.17393252547,0.0,-2.25541188467,-1.10137265533,4.7033604301,-0.143060828272,0.056028892726,0.0,423.3767597501598,425.33903654623145,421.71570964145803,424.0915152498072
2.700000000000002,-2.02340919456,-0.415100477256,18.1751929944,6.12769253419,0.177482944029,0.0,-2.3748154219,-1.19998270273,4.76671473798,-0.145815240623,0.0597360034147,0.0,455.63075903013834,455.92924606585746,455.5730038718249,455.3338709540785
2.760000000000002,-2.17029637879,-0.490848117968,18.4671483686,6.11898657252,0.181493449366,0.0,-2.52175098261,-1.32576804615,4.96375014816,-0.144447807134,0.0512829420875,0.0,497.6678123009356,497.0504764964204,497.47818399303605,497.5610261646243
2.820000000000002,-2.32606011397,-0.574287602374,18.7706131725,6.11355383436,0.1866114942,0.0,-2.67078972023,-1.4559521283,5.1503884017,-0.165385512812,0.0657787674284,0.0,497.08547950307707,498.1485401291937,497.39228102963017,495.8372992020235
2.880000000000002,-2.48917850893,-0.664130587576,19.0762701458,6.10442934948,0.193390628152,0.0,-2.76709255253,-1.53949401497,5.03824493837,-0.176449715037,0.0461033039019,0.0,404.5957770361596,402.8229378840579,405.03308911026653,404.0060573468767
2.940000000000002,-2.66015951631,-0.760936337573,19.3851055741,6.09403621465,0.196288231979,0.0,-2.93242694654,-1.68834338402,5.25459731264,-0.182621275673,0.0407546697184,0.0,509.0253877075618,508.6432768632071,508.52107439742565,508.05235309233746
3.000000000000002,-2.8398524213,-0.865688281629,19.7005000062,6.08524438984,0.198723300248,0.0,-3.05756709043,-1.80409126786,5.25803938754,-0.199987221012,0.0400182262593,0.0,447.4375706672981,447.3784374070408,447.4174399386977,445.9666645933613
3.0600000000000023,-3.02702702247,-0.977468900312,20.0156375534,6.07335650233,0.201171052518,0.0,-3.1818245228,-1.92289839137,5.24602013209,-0.197340878449,0.0414712287089,0.0,443.0466685148491,443.16699634219805,443.16406784227735,443.3426766909371
3.1200000000000023,-3.22192344625,-1.09678727332,20.3309848538,6.06441623947,0.20395459315,0.0,-3.31496622454,-2.05511534005,5.26486987082,-0.179848176739,0.0463432776925,0.0,454.9091418183359,455.3001619687016,453.0076816617174,454.37752298807027
3.1800000000000024,-3.42461266308,-1.22392470196,20.6461482072,6.0539177308,0.207984793927,0.0,-3.4417059843,-2.18362914222,5.24003616396,-0.175005478652,0.0574471884282,0.0,441.2628296946702,442.180318839523,441.38738675559495,441.75608525054776
3.2400000000000024,-3.63559094125,-1.35957867415,20.9625107298,6.04911071567,0.212145825374,0.0,-3.59123558615,-2.33850140035,5.30441593282,-0.150040973051,0.065581978387,0.0,471.02659082288193,471.6577336882736,470.8198652057899,472.7229882046899
3.3000000000000025,-3.85577065048,-1.50475523928,21.2832547709,6.0450038841,0.216952668477,0.0,-3.748464632,-2.50095653498,5.3859410615,-0.126974297724,0.0746806895628,0.0,478.48149173559176,479.17700168222586,478.12240476559657,479.85963631181335
3.3600000000000025,-4.08556464874,-1.65981115742,21.6091237633,6.04704417177,0.221456520324,0.0,-3.91169345818,-2.6672203982,5.4753437462,-0.0941090706368,0.0714302876138,0.0,483.1282928112369,482.88684830579723,482.77894705777015,485.2419932108582
3.4200000000000026,-4.32428009982,-1.82378294467,21.9360530036,6.04822275618,0.229317385966,0.0,-4.04616190437,-2.79843418833,5.42197764675,-0.0666659900214,0.0909770199481,0.0,438.76353045266006,440.3886798149457,439.1994068710221,441.46417449336167
3.4800000000000026,-4.57233127993,-1.99673883679,22.2643774752,6.04550875532,0.236917135665,0.0,-4.22284594212,-2.96680432188,5.52076176965,-0.055386138146,0.0737023955942,0.0,490.31077787668175,489.03068865364355,488.6174150201364,489.45531795751134
3.5400000000000027,-4.82992022755,-2.17864893357,22.593630272,6.04627027125,0.242050010347,0.0,-4.36395263394,-3.09686567038,5.45411542248,-0.0344142924055,0.0818147568986,0.0,438.88102102224116,439.5586933143501,438.2977989230046,440.0362803865469
3.6000000000000028,-5.09587081435,-2.36814280906,22.9180007246,6.05252025134,0.24996250548,0.0,-4.50178232642,-3.21926780664,5.3582336572,-0.00400393840687,0.0996372011595,0.0,428.76827816989936,430.2868683509684,428.44180888466286,431.02013129541837
3.660000000000003,-5.37070620734,-2.56533330306,23.2383936063,6.05539154077,0.256848271109,0.0,-4.66003410877,-3.35350835725,5.32109389308,-0.0245642880294,0.0879320510634,0.0,450.35553863238925,449.4152321996807,450.1493306703908,448.4821289954729
3.720000000000003,-5.65520143419,-2.77058165175,23.5566154279,6.05390836392,0.263061290875,0.0,-4.82369849211,-3.48820927254,5.28572438346,-0.0263317526333,0.0974035415913,0.0,451.0676756226995,451.83893642945054,451.11312372318883,450.97024941070254
3.780000000000003,-5.94806061293,-2.98261283337,23.8669442157,6.05250496848,0.268936636976,0.0,-4.93897155072,-3.57984150334,5.05919364189,-0.0322880905282,0.0984783338462,0.0,383.6514739175039,383.7633871630676,384.9579316629012,384.3933520513889
3.840000000000003,-6.25050327556,-3.20229539685,24.1726737556,6.05201167804,0.275877150054,0.0,-5.14299583843,-3.74279969014,5.13047372977,-0.0202700543906,0.108469607782,0.0,484.92868741516963,485.68682271335933,485.1784724979171,486.07999264961677
3.900000000000003,-6.56412215808,-3.43078046597,24.4783762681,6.05116939046,0.283708672325,0.0,-5.31166807715,-3.87345978075,5.05912213988,-0.0282752949314,0.119927600873,0.0,442.2776481823542,443.2318475104113,441.94309798267807,441.2825486764338
3.960000000000003,-6.88960960567,-3.66834644935,24.7849287095,6.05486032076,0.298428480233,0.0,-5.53916372906,-4.04477635579,5.15742627319,-0.00402081145917,0.0886546648006,0.0,499.22135334547994,496.9429433549835,496.6380444383934,498.41429708012123
4.020000000000002,-7.22770141864,-3.9151225372,25.0930571539,6.06576245741,0.303758886436,0.0,-5.73116157967,-4.18032172838,5.11328341508,-0.0418083685005,0.0857878424307,0.0,456.8401185454895,456.61755898880926,456.894285592549,453.8707318474384
4.080000000000001,-7.57871262935,-4.17077375974,25.4023804773,6.06658474379,0.314423417069,0.0,-5.97005312767,-4.3411019762,5.19570610336,-0.0229801848223,0.0588286465203,0.0,498.649829639124,496.68008242257804,496.03992680925836,497.42056602352693
4.14,-7.94359191953,-4.43561991502,25.7144824125,6.06536034313,0.318569851494,0.0,-6.19294043248,-4.48714988814,5.20662491769,-0.0286490049939,0.0663142964819,0.0,477.4346700342576,478.0080188534995,479.41982358536404,478.9887410003911
4.199999999999998,-8.32032555902,-4.70817504785,26.0222420596,6.06698541708,0.335029863397,0.0,-6.36604933523,-4.59803286345,5.05160223044,-0.00978115873461,0.103833044186,0.0,423.2442047884734,426.4675192891631,425.2763680152646,426.8898892752955
4.259999999999997,-8.70752675243,-4.98729555608,26.320193951,6.06653119064,0.342794735204,0.0,-6.54149553221,-4.7061959472,4.88007153373,-0.0151473645586,0.0890078702512,0.0,420.6972695911325,419.42025662356235,420.9432931879343,420.4786207628878
4.319999999999996,-9.10662106776,-5.27365669937,26.6110457786,6.0656316427,0.358372830105,0.0,-6.76277499427,-4.83916885836,4.81370847419,-0.0179459532837,0.12287795655,0.0,456.69610990646305,459.39892024541166,457.2227725189322,456.99978920630355
4.379999999999995,-9.51945153415,-5.56812855314,26.8982844825,6.06673490556,0.367772152274,0.0,-6.99903629966,-4.97645198865,4.75985056231,-0.0353646334682,0.106036257162,0.0,465.0383075322237,463.7285282422668,465.1760121229575,463.80952316501276
4.439999999999993,-9.94565217472,-5.87029437072,27.179663166,6.06566908558,0.374136283134,0.0,-7.20838944444,-5.09594544908,4.61904116858,-0.0478859469367,0.106130290918,0.0,436.39520037742346,436.4131263865873,438.11802921626906,437.07454338878046
4.499999999999992,-10.3851298009,-6.1799764461,27.4539032048,6.06688639046,0.381633106993,0.0,-7.44161646101,-5.22679889215,4.52152904041,-0.0268984196199,0.0932282627074,0.0,453.0507546174131,452.0206668060205,452.7748865600743,454.45990946309087
4.559999999999991,-10.8392031254,-6.49775699216,27.7232410256,6.06571215142,0.387715941016,0.0,-7.69475050038,-5.36599173718,4.45535374768,-0.0354606359365,0.0997825311092,0.0,465.5801971919518,466.10016101393734,465.31831969294973,464.64711163871004
4.6199999999999894,-11.3070076143,-6.82308218078,27.9846331086,6.06363516846,0.393727272573,0.0,-7.8995798575,-5.47852173669,4.25754358439,-0.0339187240294,0.0964921457758,0.0,421.5320742430485,421.25648558720104,421.8742158407255,422.00678951552055
4.679999999999988,-11.7890391563,-7.15614733432,28.238244598,6.06253502782,0.400671786409,0.0,-8.16878111901,-5.62372323656,4.19490858922,-0.0457790464901,0.08345773663,0.0,470.41393500466666,469.40987422188186,469.7544922854231,468.83299224881597
4.739999999999987,-12.2883070649,-7.4984156325,28.4899846838,6.06362610194,0.414755955988,0.0,-8.47441054786,-5.78491626182,4.19422334726,-0.0684730357365,0.115282071885,0.0,491.7803949862242,494.1393314197498,493.6264803271859,491.94684582668316
4.799999999999986,-12.8041679192,-7.84936036829,28.7369714204,6.05950631689,0.428557200039,0.0,-8.72192933556,-5.9135016632,4.03737918454,-0.0699429924716,0.142848597804,0.0,444.5166785880564,446.784812532458,445.4790901517647,445.35524706013115
4.859999999999984,-13.3349211992,-8.20799492406,28.9739411863,6.05531579032,0.44313355804,0.0,-8.97085125063,-6.04124567743,3.86031306982,-0.0696712160477,0.168519412936,0.0,440.506729680823,442.6469611019006,441.5016623824592,441.5203472480893
4.919999999999983,-13.8817411397,-8.57478712299,29.2019132377,6.05118659121,0.456447249603,0.0,-9.25733790356,-6.18534701178,3.73694800833,-0.0736229884341,0.186958649175,0.0,462.826078445048,464.30353454596394,464.09636604659704,463.78235099471516
4.979999999999982,-14.4456438283,-8.95012850953,29.4215674508,6.04912719237,0.467925914838,0.0,-9.5402980095,-6.32616349019,3.58339085788,-0.0916876061552,0.180031986019,0.0,458.06816505281967,457.5487902012969,457.5927983172218,456.14703711564
5.0399999999999805,-15.0260144398,-9.33363682434,29.6303767316,6.0436367396,0.483080960083,0.0,-9.80635271897,-6.45773236507,3.37534667068,-0.0945428336733,0.155943781667,0.0,441.9415151860915,439.9795681286512,442.3797696451941,442.13722337136255
